500
511
509
505
501
497
493
481
472
467
459
457
466
486
515
536
559
578
595
618
637
660
677
687
673
665
659
671
677
690
697
706
711
692
682
673
696
703
714
723
745
757
757
749
745
764
783
798
802
806
803
803
818
852
890
913
928
939
950
949
937
932
960
995
1030
1054
1076
1089
1075
1064
1058
1066
1073
1067
1091
1116
1151
1142
1122
1103
1100
1255
1143
1175
1244
1303
1335
1328
1476
1513
1553
1423
1437
1606
1615
1469
1522
1576
1786
1761
1576
1894
1913
1759
1599
1966
1822
1673
1674
1642
1615
1583
1586
1586
1601
1619
1625
1803
1614
1620
1626
1654
1704
1954
2004
1828
1833
1829
1834
1846
1856
1867
1871
1882
1890
1899
2094
1892
1890
1903
2123
1934
1943
1943
1942
1948
1959
2182
1969
2395
1965
1966
1970
1972
1979
2204
2212
1996
2000
2226
2005
2464
2258
2276
2293
2302
2072
2082
2777
2084
2086
2334
2582
2107
2114
2121
2138
2414
2216
2493
2259
2766
2544
2316
2318
2311
2304
2551
2298
2302
2574
2585
2342
2352
2384
2410
2432
2440
2424
2671
2655
2666
2649
2363
2875
2605
2333
2328
2312
2293
2283
2291
2299
2311
2317
2333
2353
2384
2423
2455
2764
2488
2497
2510
2523
2541
2541
2531
2516
2510
2509
2511
2513
2825
2530
2563
2598
2660
2690
2712
2719
3051
3075
3122
2845
2878
2881
3198
3202
3193
2866
2845
2832
3139
3133
2814
2811
2820
2850
2866
2874
2857
2854
2861
2872
2883
2887
2896
2905
2913
2889
2870
2854
2861
2875
3226
3238
2913
2943
2977
2990
2987
2992
2989
3338
3674
2987
3354
3029
3040
3048
3410
3057
3434
3451
3111
3106
3465
3463
3821
3086
3466
3121
3146
3109
3443
3041
3060
3830
3100
3101
3090
3077
3069
3063
3057
3054
3454
3086
3460
3440
3039
3044
3061
3089
3117
3135
3145
3155
3184
3209
3235
3241
3247
3250
3679
3319
3763
3375
3369
3361
3351
3355
3363
3377
3391
3406
3413
3405
3422
3443
3459
3448
3434
3417
3416
3419
3438
3418
3404
3392
3400
3423
3432
3459
3459
3474
3474
3477
3938
3980
3570
3581
3578
3587
3586
3592
4046
3633
3664
3689
3696
3690
3674
3664
3660
3673
3680
3678
4131
3676
3692
3727
3764
4249
3808
3822
3828
3837
3849
3866
3871
3878
3890
3904
4404
3966
3989
3989
4435
3955
3955
3979
3985
4481
4004
4002
3988
3989
4473
4461
3965
4434
3941
3943
3959
3962
3953
3944
3936
3935
3940
4446
3955
3943
3941
3937
3946
3939
3927
3913
3910
3913
3911
3914
3912
3880
4363
3831
3859
3892
3937
3951
3969
3973
4518
4023
4037
4054
4057
5114
4079
4088
4630
4631
4644
4121
4659
5194
4140
4148
4692
4157
5252
5272
4752
4761
4778
4252
4808
4802
4793
4228
4217
4219
4247
4276
4309
4313
4317
4303
4867
5449
4385
4422
5005
4444
4468
4493
4523
4535
4558
5145
4583
4585
4592
4610
4622
4630
4638
4648
4657
4667
4640
4614
4586
4582
4561
4541
4530
4531
4535
4549
4567
4584
4597
4640
4693
4762
4829
5483
4931
4954
4982
5003
5017
5025
5040
5051
5654
5044
5051
5071
5726
5769
5187
5183
5812
5844
5272
5296
5934
5344
5362
5372
5400
6052
6095
5485
6115
6138
5536
6177
5546
5571
5625
6322
6998
6396
6413
5786
5802
5819
5838
5860
6487
5836
5810
5823
5834
5839
7133
6496
6507
6543
5942
5996
6031
6048
6716
8039
6745
6778
7463
6830
6178
6184
6848
6188
6853
6846
6176
7501
6833
6164
6839
6178
6181
6185
6185
6863
6188
6187
6185
6165
6141
6120
6117
6114
6094
6056
6727
7412
6055
6058
6744
6740
6052
6773
6811
6143
6177
6207
6240
6249
6250
6953
7663
7676
6289
6305
6319
6316
6312
7027
7030
6324
6318
6325
6322
6324
6328
6347
6374
7128
6441
6456
6456
6451
6440
6450
6462
6489
6511
6531
6558
6573
6593
6604
6619
6638
6652
6672
6689
6711
6701
6674
6618
7331
6545
6528
6514
6524
6536
6547
6583
6630
7421
7436
7472
6760
6800
6806
6815
6826
7572
7551
7530
6773
6784
7552
7543
7528
8287
8293
7526
8296
7517
7514
6743
7524
8308
7540
7560
7588
7618
7636
7643
7671
7699
6970
6995
7050
7074
7105
7147
7188
8000
8773
7171
7160
7149
7137
7939
7104
7869
7030
7829
7022
7020
7051
7089
7950
7979
7996
7174
7160
7143
7145
7146
7970
7158
7991
7196
7218
7203
7185
7181
8032
7235
8075
7267
7281
7307
7334
7363
8215
8233
7419
9101
8275
7447
8288
8297
8312
8330
7503
8339
7482
9152
8304
7446
7436
8266
7416
7427
7460
8344
7511
7515
7515
7512
7510
7509
7525
7541
7573
7575
7573
7559
7570
7592
7616
7633
7643
7649
7657
7661
8541
7671
7691
7704
7718
7718
7729
7739
7761
7781
8684
7815
7831
7844
7851
7862
7874
7883
7895
7905
7916
7918
7925
7934
7943
7964
7986
8005
8012
8016
8923
8929
8929
8019
8023
8036
8033
8019
8916
8005
8008
8004
8001
7993
7993
7992
8002
8010
8022
8030
8027
8027
8023
8022
8016
8941
8945
8029
8044
8042
8007
7969
7948
8906
9888
9006
8105
8112
9050
8103
9047
8111
9067
9082
8147
8156
8154
10047
9058
9979
9953
9006
8071
9046
9048
8083
8071
10960
10006
9065
8124
11047
9142
9169
10167
8261
8261
9223
9214
9253
8312
8341
8339
8336
8324
8316
8332
8369
8405
9399
8421
8424
8440
8456
8472
9465
8472
8470
8466
9472
8464
10412
9367
8358
9366
9360
8306
8247
8210
8215
9227
8233
9245
8245
8268
8293
10336
8342
9375
9411
9433
8432
10454
11461
10445
8416
9431
9424
10431
9407
9408
10465
8466
8499
9553
8530
8551
9579
11669
9627
9659
10697
9675
10721
9686
9688
8647
8654
8657
8658
9709
9718
9733
8700
8713
9748
9734
8673
8681
9740
9720
9706
8628
8628
8625
8633
8652
8666
8674
8671
8672
8671
8664
8655
8640
8628
8619
8612
8580
8546
8528
8534
8550
8582
9695
9721
8646
9733
8670
8689
10872
9790
8731
8779
8832
8861
8871
8883
8889
8894
8897
8899
8897
8897
8894
8888
8900
8926
8973
9024
9072
9107
9142
9160
9172
9162
9165
9170
9175
10289
9187
9201
9216
10328
10326
10328
9232
9249
9254
10375
9286
10482
12794
10569
10568
10572
9448
10580
9452
9460
11721
10590
9453
10591
10585
9445
9449
10600
9467
9477
10630
11770
10628
11777
10658
9525
9537
9541
9552
9558
9566
9585
9612
11956
10818
11988
10839
12015
9711
9726
9739
9751
9760
9762
9760
9755
9753
9753
9712
9688
9670
9693
9696
9702
9706
9708
9705
9710
9725
9736
9745
10933
10971
9834
9882
9899
9887
9871
9860
9863
11062
9870
11062
11061
9869
11077
9875
9863
11053
9857
9825
10993
10955
9750
9763
9782
9801
9808
9794
9782
9766
10991
9789
9787
9766
9743
9741
9739
10957
9737
10975
11019
11058
11113
12374
11212
11252
11302
11311
10091
10086
10100
11356
10121
10128
10135
11401
10175
10182
10198
10216
10243
10268
10304
10326
10341
10349
10360
10380
10392
10404
10413
10422
10432
10470
10516
10554
10558
11815
10562
10572
11846
11853
10592
10603
10613
10625
10625
13167
10623
10639
10660
10671
10670
11941
11947
11953
10682
10675
10676
11957
10684
10685
10646
10601
13120
10529
11814
10511
10497
11791
10500
10499
10474
11765
10479
11813
11854
10587
11917
14563
11990
13328
14652
12065
10789
10847
14820
12235
12246
14905
13626
12338
11040
13660
12335
12320
12330
11016
13666
11037
12388
11081
12416
15062
17728
11075
16390
12389
13733
11080
11092
11096
11100
11096
12430
11089
11090
11093
11083
11077
12421
11077
12425
11073
11083
11076
11063
11049
11049
13761
11064
12432
12452
11105
11091
11072
11050
11047
11044
11034
11024
12382
11028
12414
11052
11065
13810
11097
11113
11109
12462
11071
12438
12430
12404
11015
11012
11020
11024
11021
12405
11021
13795
12409
10991
10963
10928
10923
10914
10914
10921
10936
10985
11027
11068
11050
11038
11028
12445
12469
13881
12468
11042
11029
11038
11040
11066
13904
11108
13938
11112
11101
11099
11104
11114
11128
12583
12621
11224
12636
11200
11187
11202
11215
11237
11247
11259
12698
14149
11304
11326
12774
12796
11392
11431
11474
11500
11532
11543
11564
13017
11566
12995
11531
11542
11551
11570
11586
11610
11624
11663
11718
11772
11767
11749
13195
11756
11750
11752
11757
11775
11781
11762
11748
11701
11700
11678
11688
11666
11676
11687
11706
11707
11712
11720
11733
11751
14738
14764
11821
11832
11841
11857
11878
11905
11920
11929
11940
11945
11947
11966
11998
12027
12033
12028
12029
12048
12065
12086
12089
12097
13584
12063
13553
13560
13565
13577
13590
13603
12096
13619
12114
12127
13663
12170
12201
12220
12234
13773
13782
12269
12265
13797
15327
12253
13800
15351
15382
13850
12319
12312
12301
12288
12296
13877
13920
13959
12422
12423
12417
13952
12409
13980
12461
14051
12526
12557
12565
12584
12593
14157
14146
12580
12564
14123
12565
12578
12591
12594
12586
12578
12576
12578
12582
12584
12590
14164
12611
12627
12660
12689
12698
12690
12679
12686
12686
12685
12688
12700
12712
14305
12739
12755
12765
12738
12710
12689
12714
12742
12760
12758
12754
12750
12748
12744
12746
12746
12734
12721
12703
12713
12724
12735
12734
14341
12742
12764
12789
12810
12821
12829
12836
12837
12837
12826
12847
12868
12900
12906
12896
12889
12887
12901
12914
12936
12958
12978
12965
12952
12941
12944
12950
12966
14621
13021
13043
13068
13078
13093
14748
13120
13133
13144
13165
13186
13215
13222
14891
13254
13293
13322
13345
13372
13394
13433
13422
15073
13393
13394
13399
13410
13423
13445
13495
13545
13587
13593
15261
15257
13586
15291
13648
13673
13672
15354
15361
13693
15377
13727
13765
13821
15558
13918
15634
13954
13961
13972
13985
15703
14025
14050
14054
14059
14047
15744
14052
14064
14073
14085
14086
14098
14116
14139
14151
14155
14162
14174
14185
14199
14209
14216
14219
14219
14224
14233
14244
14253
14262
14307
14362
16127
16147
14432
14457
16223
14509
14520
14506
14522
14530
16276
14550
14566
14573
14577
14582
14598
14614
14651
14687
14721
14727
14739
14754
14767
14767
14754
16494
14728
14728
14730
14759
16522
14775
14754
14763
14771
14787
14792
14802
14815
16593
14835
14840
14842
14850
14865
14883
14906
14920
14937
16710
14935
14935
16719
14948
14959
14972
14987
15011
15032
15071
15091
15111
16907
15146
15177
16993
15209
17012
15225
15236
15260
15284
15309
15315
15317
15315
15315
15316
15328
15331
15336
15335
15343
15351
15335
15320
15305
15315
15324
15347
15372
15397
15405
17224
15444
15487
15528
15530
17380
15582
15628
15651
15672
15679
19369
17577
15781
15792
15800
15809
15815
15822
15826
15837
15832
15825
15813
15822
17685
15867
15890
15918
17789
15963
15981
15995
17866
16025
17896
16057
16077
16093
16106
16107
16112
16115
16111
16105
16095
16087
16080
16068
16073
16069
16090
16103
16122
16135
16157
16180
16188
16188
16188
18070
16207
16222
16230
16204
16180
16163
16164
16178
16196
16229
16255
16279
16300
16320
16348
16374
16391
16400
18310
16424
16436
16442
16489
16534
16574
16573
16541
16509
16482
16492
16502
16509
16512
16515
18440
16533
16538
16536
16543
16552
16560
16579
18537
16661
16691
16704
16724
18661
16744
18667
18667
16739
16749
16764
18687
16734
16720
18659
16725
18663
16730
16741
16749
18691
18684
16730
16734
20619
20618
18675
16733
16740
16723
16716
18663
16712
18671
16717
16713
16713
16714
16727
16738
16749
16769
18753
16803
16809
16816
16826
16834
16848
16857
16875
16892
16913
16917
16897
16882
16874
16890
16909
16927
16914
18875
16899
16949
17006
17040
17062
17073
17077
17091
17111
17131
17144
17155
17178
17202
17239
17290
17310
17321
19318
19334
17354
17385
17416
19440
17444
17457
17452
17423
19406
17376
19385
17394
19450
19493
19507
21511
21486
19438
17412
19457
17454
17480
17497
17514
17526
17517
19544
17509
19551
17520
17518
21587
17507
17504
17514
19574
21645
17573
17580
19623
17582
17586
17588
17595
17607
19654
17596
21662
17535
21623
19574
17523
21659
19639
17617
25872
25877
19698
6189
6192
